Mmol_0024	-3.11432037211837	0.0518925002599529	-2.89299714168957	0.000410417
Mmol_0048	2.45515672604911	0.0824853753852856	3.7778619298051	0.00333427
Mmol_0096	3.00249777964895	0.00425842665046959	9.63719673156738	0.0301712
Mmol_0097	1.66076819681538	0.0828595753477244	3.45412584889874	0.036952
Mmol_0127	-4.42852458647118	0.0420440862356453	-13.4126805393751	0.00319387
Mmol_0145	3.12013805956015	0.0595132413942169	2.38947904162446	0.0152444
Mmol_0210	-7.517749577723	0.0524629905658309	-1.6798190096468	0.00508249
Mmol_0259	1.52938671788736	0.099756593693531	1.21463006409246	0.00701938
Mmol_0337	-5.54939121955141	0.0439941510141181	-3.44100172106688	0.00301258
Mmol_0350	-2.00248552013907	0.0750090989113561	-1.91659838472507	0.0736355
Mmol_0355	-5.29466074751536	0.086634363248023	-1.4122350979548	0.0940029
Mmol_0356	-5.56543059306579	0.0953147988754198	-3.43210355678657	0.00603328
Mmol_0358	-4.16653127012193	0.0508512439670394	-1.81676736162975	0.0958255
Mmol_0369	-4.43690608124041	0.0156766295488358	-1.98667968962207	0.000232864
Mmol_0384	2.19021053976319	0.0429845307839919	2.50643121923236	0.000120825
Mmol_0426	-2.20600149741413	0.0260509314559918	-7.41574608876339	0.00248807
Mmol_0436	-2.18965347868708	0.0515628310573303	-2.28873716540124	0.00145115
Mmol_0569	-4.24733500170368	0.0978324287083338	-2.07924633179666	0.00272158
Mmol_0583	-5.08210989596769	0.0562816462264522	-5.08161855334083	0.000563195
Mmol_0613	1.46968016211134	0.0729036979090443	2.61986085628161	0.0118573
Mmol_0624	1.57706289339343	0.0246025973328496	2.04283160027573	0.0219561
Mmol_0678	2.00921997062547	0.0142458008274063	2.54887552746167	0.0549481
Mmol_0692	-2.16773072854756	0.0803796496774067	-1.27105271526927	0.0873696
Mmol_0804	-3.09193721049679	0.0133973989894713	-1.89385547150837	0.0033957
Mmol_0805	-2.39176305205868	0.0649552334298616	-2.00283812058348	0.0303991
Mmol_0862	2.25237077510975	0.0512221711274703	1.27859829309969	0.0437146
Mmol_0871	-2.60783037877065	0.07687599775509	-3.54938427908111	0.00111673
Mmol_0888	9.33961154034788	0.0553259957996164	14.5082218202459	0.000185489
Mmol_0889	-2.10974550029759	0.0662768323347984	-1.69638020866872	0.0301439
Mmol_0898	-3.21930389953407	0.00730660818951667	-2.18030894825987	0.0451326
Mmol_0900	-3.59928914312175	0.0510826133472892	-1.48757239767274	0.0163866
Mmol_0902	-1.35946078523915	0.0796483369720035	-1.97198794976286	0.023136
Mmol_0919	-5.14564234756064	0.0568623656669421	-2.80723591036309	0.0463089
Mmol_0981	-1.73489502468794	0.067612711060127	-1.27777287740032	0.0578816
Mmol_1044	-2.14129216481921	0.0414812733399523	-1.66290137703665	0.00138892
Mmol_1064	1.63142374224679	0.0413263988241813	1.89643055493765	0.0282669
Mmol_1141	-4.26833023385138	0.0603351746327439	-2.18123863656923	0.0254499
Mmol_1155	-2.72598833178923	0.0384900189939786	-5.62185447678681	0.0798539
Mmol_1156	-2.30044572810052	0.0213030332923766	-2.49839188483474	0.0118535
Mmol_1165	-4.1113842890889	0.0173069803944867	-2.71961043265004	0.001278
Mmol_1167	-7.03905616151634	0.0622162235204276	-2.68582554856769	0.014358
Mmol_1168	-4.63869179005476	0.0275057130283207	-2.28325668107315	0.00447262
Mmol_1182	-1.79315284836977	0.0258153728762392	-1.53956292608761	0.0301591
Mmol_1185	-5.85068914343535	0.0946923142501622	-1.69346109951879	0.0432921
Mmol_1214	2.19972745861399	0.0836026561255288	10.8758130690172	0.00140246
Mmol_1224	2.01539014096271	0.00871669858352104	22.9845094680786	0.0772069
Mmol_1237	-1.96066510454892	0.0905064427605145	-7.29759616144088	0.00107435
Mmol_1249	-1.49567370432993	0.0719424200502415	-1.97824391204122	0.00494467
Mmol_1303	2.77335643057548	0.0384367119630274	3.02090995314213	0.0107843
Mmol_1339	-4.67239222990233	0.069123242594089	-1.54682062428947	0.0388651
Mmol_1346	-1.6474335667305	0.0773298350518794	-2.31697021774927	0.0123524
Mmol_1491	2.41507800570027	0.0105445510635105	2.60818724149968	0.00118292
Mmol_1587	-2.91623415323012	0.0406264368690516	-4.80950545888716	0.0153148
Mmol_1598	-2.56459750842638	0.0410220769644876	-1.61330946180874	0.0366894
Mmol_1601	-2.61618428580303	0.0160865557693104	-1.67170005007409	0.0812694
Mmol_1633	2.26288972642496	0.0925158293106927	1.92623056427922	0.0397771
Mmol_1645	-2.67747254416911	0.0489632141836862	-1.49150930407396	0.0282779
Mmol_1647	-3.12984001603547	0.0386278138818684	-2.11585435711897	0.0732687
Mmol_1652	1.98994074930473	0.0751421631653349	42.0384253053147	0.0249573
Mmol_1704	-3.87637866738514	0.065026047878563	-4.59781264340164	0.00873766
Mmol_1715	1.8009560657887	0.00901604307362474	1.84942348558413	0.0445308
Mmol_1725	2.13239480995842	0.0690922824576213	4.43946365206885	0.0640603
Mmol_1740	3.55706890236436	0.0960122609036863	3.20447615155408	0.0692764
Mmol_1777	3.44372395888703	0.0110945359682417	3.14457558471192	0.0433473
Mmol_1817	-3.49664806366953	0.0925190088049382	-1.81339340455547	0.0428564
Mmol_1818	-5.40990888107484	0.0407100532238673	-2.47074569333417	0.0384297
Mmol_1824	-2.53808831722129	0.0752431659662284	-1.90504332526867	0.00964378
Mmol_1833	-2.02603340234925	0.0792587403056028	-2.18009275993778	0.00383337
Mmol_1893	-1.34713198604039	0.00203056856050743	-1.26381844849909	0.0663453
Mmol_1906	-2.68136429647009	0.0126771955164771	-2.22375815881291	0.00284242
Mmol_1937	-2.81272701353021	0.0298153635213591	-1.73112471207078	0.0352254
Mmol_2024	-3.42721663323946	0.0631634480339018	-5.26125392069985	0.00454616
Mmol_2026	1.85941500777061	0.0596278843865244	1.92195682043465	0.00187618
Mmol_2078	-4.69806837269824	0.00873577495039973	-1.74970355866473	0.00333957
Mmol_2094	3.85559803762199	0.0179965199120938	7.64094404117962	0.00137136
Mmol_2097	-2.35465536909557	0.0143605360415613	-1.46975485139703	0.0215363
Mmol_2118	3.94563059296299	0.0552611418313443	4.17945895429042	0.0740502
Mmol_2131	-2.84432342401381	0.0381399494209251	-1.3723034382745	0.0762837
Mmol_2253	-1.70730166297546	0.0824764687988742	-1.63157962035586	0.00953565
Mmol_2325	-1.88966424792595	0.0806244854337546	-2.16320254883764	0.0568664
